# 项目自选股票代码（一行一个 6 位代码，#开头为注释）
# 这份是从 zidatrade_stock_info 表导出的 102 只
# 重新生成方法（PowerShell + mysql）：
#   mysql -uroot -p smarttrade -e "SELECT stock_code FROM zidatrade_stock_info" -N > project_stocks.txt

000066
000568
000657
000792
000938
000977
000988
001267
001309
002008
002025
002131
002149
002156
002202
002261
002281
002304
002342
002361
002371
002384
002407
002428
002436
002460
002463
002466
002475
002565
002580
002709
002812
002837
002916
300014
300017
300058
300136
300207
300274
300308
300339
300342
300390
300394
300442
300475
300476
300502
300548
300570
300620
300661
300750
300857
301308
301396
600105
600118
600126
600150
600176
600183
600330
600396
600410
600487
600498
600519
600522
600703
600875
600879
600986
600989
601016
601138
601778
601869
601899
603019
603083
603228
603618
603629
603799
603986
688008
688012
688041
688048
688256
688313
688347
688498
688521
688525
688629
688808
688820
688981
